0 1.036499e+09 3.740190e-08 
49 51 1.000000e+00 
(   4.00000000000e+00,  -7.34788079488e-16 ) 
(   4.00000000000e+00,   7.34788079488e-16 ) 
(  -1.46957615898e-15,  -4.00000000000e+00 ) 
(  -1.46957615898e-15,   4.00000000000e+00 ) 
5.000529e+01 -4.327420e+01 -4.127475e+01  
5.219093e+01 -4.994063e+01 -2.962208e+01  
101 
   1.78000000000e+03   -5.29254126208e+00    1.01130196295e+01 
   -5.36176113279e+00    1.20122306602e+01 
   1.78040000000e+03   -5.29258710494e+00    1.01102990951e+01 
   -5.36138352950e+00    1.20089539411e+01 
   1.78080000000e+03   -5.29263294779e+00    1.01075785607e+01 
   -5.36100592621e+00    1.20056772221e+01 
   1.78120000000e+03   -5.29267879065e+00    1.01048580264e+01 
   -5.36062832292e+00    1.20024005031e+01 
   1.78160000000e+03   -5.29272463350e+00    1.01021374920e+01 
   -5.36025071962e+00    1.19991237841e+01 
   1.78200000000e+03   -5.29277047636e+00    1.00994169576e+01 
   -5.35987311633e+00    1.19958470651e+01 
   1.78240000000e+03   -5.29281631921e+00    1.00966964233e+01 
   -5.35949551304e+00    1.19925703461e+01 
   1.78280000000e+03   -5.29286216207e+00    1.00939758889e+01 
   -5.35911790974e+00    1.19892936271e+01 
   1.78320000000e+03   -5.29290800492e+00    1.00912553545e+01 
   -5.35874030645e+00    1.19860169081e+01 
   1.78360000000e+03   -5.29295384778e+00    1.00885348202e+01 
   -5.35836270316e+00    1.19827401891e+01 
   1.78400000000e+03   -5.29299969063e+00    1.00858142858e+01 
   -5.35798509986e+00    1.19794634700e+01 
   1.78440000000e+03   -5.29304553349e+00    1.00830937515e+01 
   -5.35760749657e+00    1.19761867510e+01 
   1.78480000000e+03   -5.29309137634e+00    1.00803732171e+01 
   -5.35722989328e+00    1.19729100320e+01 
   1.78520000000e+03   -5.29313721919e+00    1.00776526827e+01 
   -5.35685228998e+00    1.19696333130e+01 
   1.78560000000e+03   -5.29318306205e+00    1.00749321484e+01 
   -5.35647468669e+00    1.19663565940e+01 
   1.78600000000e+03   -5.29322890490e+00    1.00722116140e+01 
   -5.35609708340e+00    1.19630798750e+01 
   1.78640000000e+03   -5.29327474776e+00    1.00694910796e+01 
   -5.35571948010e+00    1.19598031560e+01 
   1.78680000000e+03   -5.29332059061e+00    1.00667705453e+01 
   -5.35534187681e+00    1.19565264370e+01 
   1.78720000000e+03   -5.29336643347e+00    1.00640500109e+01 
   -5.35496427352e+00    1.19532497179e+01 
   1.78760000000e+03   -5.29341227632e+00    1.00613294765e+01 
   -5.35458667022e+00    1.19499729989e+01 
   1.78800000000e+03   -5.29345811918e+00    1.00586089422e+01 
   -5.35420906693e+00    1.19466962799e+01 
   1.78840000000e+03   -5.29350396203e+00    1.00558884078e+01 
   -5.35383146364e+00    1.19434195609e+01 
   1.78880000000e+03   -5.29354980489e+00    1.00531678734e+01 
   -5.35345386034e+00    1.19401428419e+01 
   1.78920000000e+03   -5.29359564774e+00    1.00504473391e+01 
   -5.35307625705e+00    1.19368661229e+01 
   1.78960000000e+03   -5.29364149060e+00    1.00477268047e+01 
   -5.35269865376e+00    1.19335894039e+01 
   1.79000000000e+03   -5.29368733345e+00    1.00450062703e+01 
   -5.35232105047e+00    1.19303126849e+01 
   1.79040000000e+03   -5.29373317631e+00    1.00422857360e+01 
   -5.35194344717e+00    1.19270359658e+01 
   1.79080000000e+03   -5.29377901916e+00    1.00395652016e+01 
   -5.35156584388e+00    1.19237592468e+01 
   1.79120000000e+03   -5.29382486201e+00    1.00368446673e+01 
   -5.35118824059e+00    1.19204825278e+01 
   1.79160000000e+03   -5.29387070487e+00    1.00341241329e+01 
   -5.35081063729e+00    1.19172058088e+01 
   1.79200000000e+03   -5.29391654772e+00    1.00314035985e+01 
   -5.35043303400e+00    1.19139290898e+01 
   1.79240000000e+03   -5.29396239058e+00    1.00286830642e+01 
   -5.35005543071e+00    1.19106523708e+01 
   1.79280000000e+03   -5.29400823343e+00    1.00259625298e+01 
   -5.34967782741e+00    1.19073756518e+01 
   1.79320000000e+03   -5.29405407629e+00    1.00232419954e+01 
   -5.34930022412e+00    1.19040989328e+01 
   1.79360000000e+03   -5.29409991914e+00    1.00205214611e+01 
   -5.34892262083e+00    1.19008222138e+01 
   1.79400000000e+03   -5.29414576200e+00    1.00178009267e+01 
   -5.34854501753e+00    1.18975454947e+01 
   1.79440000000e+03   -5.29419160485e+00    1.00150803923e+01 
   -5.34816741424e+00    1.18942687757e+01 
   1.79480000000e+03   -5.29423744771e+00    1.00123598580e+01 
   -5.34778981095e+00    1.18909920567e+01 
   1.79520000000e+03   -5.29428329056e+00    1.00096393236e+01 
   -5.34741220765e+00    1.18877153377e+01 
   1.79560000000e+03   -5.29432913342e+00    1.00069187892e+01 
   -5.34703460436e+00    1.18844386187e+01 
   1.79600000000e+03   -5.29437497627e+00    1.00041982549e+01 
   -5.34665700107e+00    1.18811618997e+01 
   1.79640000000e+03   -5.29442081912e+00    1.00014777205e+01 
   -5.34627939777e+00    1.18778851807e+01 
   1.79680000000e+03   -5.29446666198e+00    9.99875718615e+00 
   -5.34590179448e+00    1.18746084617e+01 
   1.79720000000e+03   -5.29451250483e+00    9.99603665178e+00 
   -5.34552419119e+00    1.18713317426e+01 
   1.79760000000e+03   -5.29455834769e+00    9.99331611742e+00 
   -5.34514658789e+00    1.18680550236e+01 
   1.79800000000e+03   -5.29460419054e+00    9.99059558306e+00 
   -5.34476898460e+00    1.18647783046e+01 
   1.79840000000e+03   -5.29465003340e+00    9.98787504869e+00 
   -5.34439138131e+00    1.18615015856e+01 
   1.79880000000e+03   -5.29469587625e+00    9.98515451433e+00 
   -5.34401377801e+00    1.18582248666e+01 
   1.79920000000e+03   -5.29474171911e+00    9.98243397996e+00 
   -5.34363617472e+00    1.18549481476e+01 
   1.79960000000e+03   -5.29478756196e+00    9.97971344560e+00 
   -5.34325857143e+00    1.18516714286e+01 
   1.80000000000e+03   -5.29483340482e+00    9.97699291123e+00 
   -5.34288096814e+00    1.18483947096e+01 
   1.80040000000e+03   -5.29487924767e+00    9.97427237687e+00 
   -5.34250336484e+00    1.18451179905e+01 
   1.80080000000e+03   -5.29492509053e+00    9.97155184250e+00 
   -5.34212576155e+00    1.18418412715e+01 
   1.80120000000e+03   -5.29497093338e+00    9.96883130814e+00 
   -5.34174815826e+00    1.18385645525e+01 
   1.80160000000e+03   -5.29501677623e+00    9.96611077377e+00 
   -5.34137055496e+00    1.18352878335e+01 
   1.80200000000e+03   -5.29506261909e+00    9.96339023941e+00 
   -5.34099295167e+00    1.18320111145e+01 
   1.80240000000e+03   -5.29510846194e+00    9.96066970504e+00 
   -5.34061534838e+00    1.18287343955e+01 
   1.80280000000e+03   -5.29515430480e+00    9.95794917068e+00 
   -5.34023774508e+00    1.18254576765e+01 
   1.80320000000e+03   -5.29520014765e+00    9.95522863632e+00 
   -5.33986014179e+00    1.18221809575e+01 
   1.80360000000e+03   -5.29524599051e+00    9.95250810195e+00 
   -5.33948253850e+00    1.18189042385e+01 
   1.80400000000e+03   -5.29529183336e+00    9.94978756759e+00 
   -5.33910493520e+00    1.18156275194e+01 
   1.80440000000e+03   -5.29533767622e+00    9.94706703322e+00 
   -5.33872733191e+00    1.18123508004e+01 
   1.80480000000e+03   -5.29538351907e+00    9.94434649886e+00 
   -5.33834972862e+00    1.18090740814e+01 
   1.80520000000e+03   -5.29542936193e+00    9.94162596449e+00 
   -5.33797212532e+00    1.18057973624e+01 
   1.80560000000e+03   -5.29547520478e+00    9.93890543013e+00 
   -5.33759452203e+00    1.18025206434e+01 
   1.80600000000e+03   -5.29552104764e+00    9.93618489576e+00 
   -5.33721691874e+00    1.17992439244e+01 
   1.80640000000e+03   -5.29556689049e+00    9.93346436140e+00 
   -5.33683931544e+00    1.17959672054e+01 
   1.80680000000e+03   -5.29561273335e+00    9.93074382703e+00 
   -5.33646171215e+00    1.17926904864e+01 
   1.80720000000e+03   -5.29565857620e+00    9.92802329267e+00 
   -5.33608410886e+00    1.17894137673e+01 
   1.80760000000e+03   -5.29570441905e+00    9.92530275831e+00 
   -5.33570650556e+00    1.17861370483e+01 
   1.80800000000e+03   -5.29575026191e+00    9.92258222394e+00 
   -5.33532890227e+00    1.17828603293e+01 
   1.80840000000e+03   -5.29579610476e+00    9.91986168958e+00 
   -5.33495129898e+00    1.17795836103e+01 
   1.80880000000e+03   -5.29584194762e+00    9.91714115521e+00 
   -5.33457369569e+00    1.17763068913e+01 
   1.80920000000e+03   -5.29588779047e+00    9.91442062085e+00 
   -5.33419609239e+00    1.17730301723e+01 
   1.80960000000e+03   -5.29593363333e+00    9.91170008648e+00 
   -5.33381848910e+00    1.17697534533e+01 
   1.81000000000e+03   -5.29597947618e+00    9.90897955212e+00 
   -5.33344088581e+00    1.17664767343e+01 
   1.81040000000e+03   -5.29602531904e+00    9.90625901775e+00 
   -5.33306328251e+00    1.17632000152e+01 
   1.81080000000e+03   -5.29607116189e+00    9.90353848339e+00 
   -5.33268567922e+00    1.17599232962e+01 
   1.81120000000e+03   -5.29611700475e+00    9.90081794902e+00 
   -5.33230807593e+00    1.17566465772e+01 
   1.81160000000e+03   -5.29616284760e+00    9.89809741466e+00 
   -5.33193047263e+00    1.17533698582e+01 
   1.81200000000e+03   -5.29620869046e+00    9.89537688030e+00 
   -5.33155286934e+00    1.17500931392e+01 
   1.81240000000e+03   -5.29625453331e+00    9.89265634593e+00 
   -5.33117526605e+00    1.17468164202e+01 
   1.81280000000e+03   -5.29630037616e+00    9.88993581157e+00 
   -5.33079766275e+00    1.17435397012e+01 
   1.81320000000e+03   -5.29634621902e+00    9.88721527720e+00 
   -5.33042005946e+00    1.17402629822e+01 
   1.81360000000e+03   -5.29639206187e+00    9.88449474284e+00 
   -5.33004245617e+00    1.17369862631e+01 
   1.81400000000e+03   -5.29643790473e+00    9.88177420847e+00 
   -5.32966485287e+00    1.17337095441e+01 
   1.81440000000e+03   -5.29648374758e+00    9.87905367411e+00 
   -5.32928724958e+00    1.17304328251e+01 
   1.81480000000e+03   -5.29652959044e+00    9.87633313974e+00 
   -5.32890964629e+00    1.17271561061e+01 
   1.81520000000e+03   -5.29657543329e+00    9.87361260538e+00 
   -5.32853204299e+00    1.17238793871e+01 
   1.81560000000e+03   -5.29662127615e+00    9.87089207101e+00 
   -5.32815443970e+00    1.17206026681e+01 
   1.81600000000e+03   -5.29666711900e+00    9.86817153665e+00 
   -5.32777683641e+00    1.17173259491e+01 
   1.81640000000e+03   -5.29671296186e+00    9.86545100229e+00 
   -5.32739923311e+00    1.17140492301e+01 
   1.81680000000e+03   -5.29675880471e+00    9.86273046792e+00 
   -5.32702162982e+00    1.17107725111e+01 
   1.81720000000e+03   -5.29680464757e+00    9.86000993356e+00 
   -5.32664402653e+00    1.17074957920e+01 
   1.81760000000e+03   -5.29685049042e+00    9.85728939919e+00 
   -5.32626642324e+00    1.17042190730e+01 
   1.81800000000e+03   -5.29689633327e+00    9.85456886483e+00 
   -5.32588881994e+00    1.17009423540e+01 
   1.81840000000e+03   -5.29694217613e+00    9.85184833046e+00 
   -5.32551121665e+00    1.16976656350e+01 
   1.81880000000e+03   -5.29698801898e+00    9.84912779610e+00 
   -5.32513361336e+00    1.16943889160e+01 
   1.81920000000e+03   -5.29703386184e+00    9.84640726173e+00 
   -5.32475601006e+00    1.16911121970e+01 
   1.81960000000e+03   -5.29707970469e+00    9.84368672737e+00 
   -5.32437840677e+00    1.16878354780e+01 
   1.82000000000e+03   -5.29712554755e+00    9.84096619300e+00 
   -5.32400080348e+00    1.16845587590e+01 
